  197
   46
   29
   29
65342
   44
   44
65342
  285
   48
65528
   48
65491
   83
   62
  270
65476
   69
65532
  306
   57
65487
   59
 1195
 1138
  116
65457
   87
65487
  352
65328
  216
  191
   36
65508
   96
65341
   59
   12
65004
  443
65531
    8
65385
   48
   54
   57
  361
65528
   60
   66
   34
  208
65512
   95
  387
64881
   96
   19
65480
65502
65441
  185
  180
65361
  114
  234
   37
  709
   80
  156
65318
64589
   18
  394
65329
  352
   41
   76
   34
  504
   48
    0
  129
64982
65491
65426
  964
61693
   49
  126
64912
   39
64578
  794
  373
65493
  249
65366
65521
65535
65467
   27
61510
   67
65526
  141
65475
65493
  602
   11
  229
65462
  284
65449
64493
  363
65184
65493
  713
65265
   32
65518
65415
65400
  135
  106
 1209
    0
    0
65460
   75
65113
   29
65507
  423
  161
   55
65459
  161
65447
    5
   13
65307
  330
    5
   85
65229
65152
  162
65460
64144
 1378
   89
65437
  320
65319
  438
65290
65446
  296
65526
65467
    1
65256
    2
65506
  952
  103
  139
65494
  444
65535
   39
   27
65163
65439
   28
   25
   60
   12
  144
   32
64994
64544
   87
65519
    3
65394
65357
  240
  135
65183
   98
  249
   24
  891
   60
  148
  220
64125
65521
  484
65251
  427
65530
   43
65413
  708
65535
65502
65510
64438
  125
65265
65245
59955
   41
  228
65278
65331
64212
 1266
65497
   76
65209
  372
  232
65173
  203
  122
 5551
 1072
  252
65113
  381
  176
64793
   82
   90
  279
65177
  117
 1713
64593
  548
  147
64921
64842
  247
65502
  121
  287
65282
   87
64434
