   75	 
   75	 
   75	 
   75	 
   75	 
   75	 
   75	 
   75	 
   74	 
   75	 
   75	 
   75	 
   75	 
   75	 
   75	 
   75	 
   75	 
   75	 
   75	 
   75	 
   76	 
   75	 
   75	 
   75	 
   75	 
   75	 
   75	 
   75	 
   75	 
   75	 
   75	 
   75	 
   74	 
   75	 
   75	 
   75	 
   75	 
   75	 
   75	 
   76	 
   75	 
   75	 
   76	 
   75	 
   75	 
   75	 
   75	 
   75	 
   75	 
   75	 
   75	 
   75	 
   75	 
   75	 
   75	 
   76	 
   75	 
   75	 
   75	 
   75	 
   76	 
   75	 
   75	 
   75	 
   76	 
   75	 
   75	 
   75	 
   75	 
   75	 
   74	 
   75	 
   76	 
   75	 
   75	 
   75	 
   76	 
   75	 
   75	 
   75	 
   75	 
   75	 
   75	 
   75	 
   75	 
   75	 
   75	 
   75	 
   75	 
   75	 
   75	 
   75	 
   75	 
   75	 
   75	 
   76	 
   75	 
   75	 
   75	 
   75	 
   75	 
   75	 
   75	 
   76	 
   75	 
   76	 
   75	 
   75	 
   76	 
   75	 
   75	 
   75	 
   75	 
   75	 
   75	 
   75	 
   76	 
   75	 
   75	 
   75	 
   75	 
   75	 
   75	 
   75	 
   75	 
   75	 
   75	 
   75
        0 
        0
    65443
       93
    65013
       35
    65500
      522
      199
       68
    65441
      199
    65426
        6
       16
    65252
      407
        6
      105
    65156
    65061
      200
    65442
    63816
     1704
      110
    65414
      397
    65269
      541
    65232
    65426
      366
    65524
    65451
        2
    65190
        2
    65500
     1177
      128
      172
    65484
      549
    65535
       49
       34
    65076
    65417
       35
       29
       73
       14
      178
       39
    64866
    64310
      107
    65515
        4
    65361
    65314
      297
      167
    65100
      121
      307
       29
     1101
       75
      183
      274
    63792
    65517
      597
    65183
      528
    65529
       54
    65384
      876
    65535
    65493
    65503
    64179
      155
    65202
    65176
    58637
       51
      282
    65217
    65283
    63899
     1565
    65488
       94
    65132
      460
      286
    65089
      251
      152
     6861
     1325
      312
    65013
      470
      218
    64617
      101
      111
      345
    65092
      145
     2118
    64370
      677
      182
    64776
    64678
      304
    65494
      149
      355
    65223
      108
    64174