122	  
122	  
122	  
122	  
122	  
121	  
121	  
121	  
121	  
122	  
122	  
121	  
121	  
121	  
122	  
122	  
122	  
122	  
122	  
122	  
122	  
122	  
121	  
122	  
122	  
122	  
122	  
122	  
122	  
122	  
122	  
122	  
121	  
121	  
122	  
122	  
122	  
122	  
122	  
122	  
122	  
122	  
122	  
122	  
122	  
121	  
121	  
122	  
122	  
122	  
122	  
121	  
122	  
122	  
121	  
122	  
121	  
121	  
121	  
121	  
122	  
122	  
122	  
122	  
122	  
122	  
122	  
122	  
122	  
122	  
122	  
122	  
122	  
122	  
122	  
122	  
122	  
122	  
122	  
122	  
122	  
122	  
122	  
121	  
122	  
122	  
122	  
122	  
122	  
122	  
122	  
122	  
122	  
122	  
122	  
122	  
122	  
122	  
122	  
122	  
122	  
122	  
122	  
122	  
122	  
122	  
122	  
122	  
122	  
122	  
122	  
121	  
122	  
122	  
121	  
121	  
122	  
122	  
122	  
122	  
122	  
122	  
122	  
122	  
122	  
122	  
122	  
122	
0  
0
65142
394
216
85
65450
65320
335
65314
65314
64068
1482
208
65235
187
287
65469
65258
923
243
403
38
65191
77
229
10
64881
64652
238
65495
65357
65282
273
951
369
64110
198
420
65456
707
65475
64563
64975
59829
138
822
64413
1015
64904
104
5440
250
1002
125
64986
65341
299
443
63787
65227
1827
65460
64840
65366
129
170
1019
65315
225
100
65160
110
65432
119
64299
3388
420
65043
377
848
65242
64720
1232
1372
404
82
65286
364
335
65288
65240
64103
233
65439
65453
244
65328
65359
450
99
357
65241
755
762
65366
65208
65313
63866
64538
275
65306
65442
275
79
61741
682
65060
65512
770
65346
413
58
65092
65418
65400
249
64825