128 100 16
    0    75
    0    75
65443    75
   93    75
65013    75
   35    75
65500    75
  522    75
  199    74
   68    75
65441    75
  199    75
65426    75
    6    75
   16    75
65252    75
  407    75
    6    75
  105    75
65156    75
65061    76
  200    75
65442    75
63816    75
 1704    75
  110    75
65414    75
  397    75
65269    75
  541    75
65232    75
65426    75
  366    74
65524    75
65451    75
    2    75
65190    75
    2    75
65500    75
 1177    76
  128    75
  172    75
65484    76
  549    75
65535    75
   49    75
   34    75
65076    75
65417    75
   35    75
   29    75
   73    75
   14    75
  178    75
   39    75
64866    76
64310    75
  107    75
65515    75
    4    75
65361    76
65314    75
  297    75
  167    75
65100    76
  121    75
  307    75
   29    75
 1101    75
   75    75
  183    74
  274    75
63792    76
65517    75
  597    75
65183    75
  528    76
65529    75
   54    75
65384    75
  876    75
65535    75
65493    75
65503    75
64179    75
  155    75
65202    75
65176    75
58637    75
   51    75
  282    75
65217    75
65283    75
63899    75
 1565    75
65488    76
   94    75
65132    75
  460    75
  286    75
65089    75
  251    75
  152    75
 6861    76
 1325    75
  312    76
65013    75
  470    75
  218    76
64617    75
  101    75
  111    75
  345    75
65092    75
  145    75
 2118    75
64370    76
  677    75
  182    75
64776    75
64678    75
  304    75
65494    75
  149    75
  355    75
65223    75
  108    75
64174    75
